eye 0 10 0
look 0 0 0 
up 0 0 1 
d 4
bounds -2 -2 2 2 
res 2000 2000 
ambient 0.2 0.2 0.2 
light 0 0 -10 1 .8 .8 .8 
light -10 0 0 1 .3 .3 .3 
sphere 0.0 0.0 0.0 0.5 1 0.6 0.6
sphere -1.0 1.0 0.0 0.5 0.6 1 0.6
sphere -1.5 2.0 0.0 0.5 0.6 0.6 1
sphere 1.0 1.0 0.0 0.5 0.6 1 0.6
sphere 1.5 2.0 0.0 0.5 0.6 0.6 1
sphere 0.0 0.0 1.0 0.5 1 0.6 0.6
sphere -1.0 1.0 1.0 0.5 0.6 1 0.6
sphere -1.5 2.0 1.0 0.5 0.6 0.6 1
sphere 1.0 1.0 1.0 0.5 0.6 1 0.6
sphere 1.5 2.0 1.0 0.5 0.6 0.6 1
sphere 0.0 0.0 2.0 0.5 1 0.6 0.6
sphere -1.0 1.0 2.0 0.5 0.6 1 0.6
sphere -1.5 2.0 2.0 0.5 0.6 0.6 1
sphere 1.0 1.0 2.0 0.5 0.6 1 0.6
sphere 1.5 2.0 2.0 0.5 0.6 0.6 1
sphere 0.0 0.0 3.0 0.5 1 0.6 0.6
sphere -1.0 1.0 3.0 0.5 0.6 1 0.6
sphere -1.5 2.0 3.0 0.5 0.6 0.6 1
sphere 1.0 1.0 3.0 0.5 0.6 1 0.6
sphere 1.5 2.0 3.0 0.5 0.6 0.6 1
sphere 0.0 4.0 2.5 0.5 0.0 0.0 0.0
sphere 0.0 0.0 -1.0 0.5 1 0.6 0.6
sphere -1.0 1.0 -1.0 0.5 0.6 1 0.6
sphere -1.5 2.0 -1.0 0.5 0.6 0.6 1
sphere 1.0 1.0 -1.0 0.5 0.6 1 0.6
sphere 1.5 2.0 -1.0 0.5 0.6 0.6 1
sphere 0.0 0.0 -2.0 0.5 1 0.6 0.6
sphere -1.0 1.0 -2.0 0.5 0.6 1 0.6
sphere -1.5 2.0 -2.0 0.5 0.6 0.6 1
sphere 1.0 1.0 -2.0 0.5 0.6 1 0.6
sphere 1.5 2.0 -2.0 0.5 0.6 0.6 1
sphere 0.0 0.0 -3.0 0.5 1 0.6 0.6
sphere -1.0 1.0 -3.0 0.5 0.6 1 0.6
sphere -1.5 2.0 -3.0 0.5 0.6 0.6 1
sphere 1.0 1.0 -3.0 0.5 0.6 1 0.6
sphere 1.5 2.0 -3.0 0.5 0.6 0.6 1
sphere 0.0 4.0 -2.5 0.5 0.0 0.0 0.0
